1 0.5188604327699098 0.5091589208220707 0.5276709326976177 0.5148545975430132 0.5466268567845044 0.4692891837754732 0.5500976597863289 0.47498486049641575 0.5436900234752684 0.4987168468336762 0.5439570083215626 0.5158038769965037 0.553301477941859 0.502988604374383 0.5591751445603309 0.47498486049641575 0.5642478566399203 0.48590157421155555 0.5701215232583923 0.4692891837754732 0.5687865990269214 0.4403361604440155 0.5637138869473319 0.42324913028118805 0.5591751445603309 0.40663673984510573 0.5514325840177996 0.409484578205577 0.5506316294789172 0.4194520124672264 0.5348795235475605 0.43131800563585654 0.537015402317914 0.4446079179847224
3 0.4090207845226832 0.3436391621635307 0.4183652541429794 0.3431645224367855 0.4234379662225689 0.3018708662099524 0.4303795722262176 0.3312985292681553 0.4293116328410409 0.3450630813437663 0.43785514792245456 0.3474362799774924 0.4365202236909837 0.3308238895414101 0.4311805267651001 0.289530233314577 0.43091354191880593 0.25060977572146986 0.4261078146855107 0.24823657708774388 0.4263747995318049 0.2354213044656232 0.422103041991098 0.232573466105152 0.4183652541429794 0.23826914282609446 0.4178312844503911 0.2491858565412343 0.41302555721709594 0.2534576140819412 0.4100887239078599 0.2819359976866536 0.4124915875245075 0.30092158675646197 0.410355708754154 0.32512821282046755
3 0.19509164152454717 0.6230331283095263 0.20796793193137927 0.6276828998453269 0.207364355818559 0.618741031507249 0.21762514973650332 0.6173103325731566 0.22185018252624508 0.6115875368367867 0.21581442139804255 0.6019303190316627 0.21219296472112104 0.5625860983441202 0.21179058064590753 0.5275339744588551 0.21138819657069405 0.49176650110654374 0.20193217080317674 0.4899781274389283 0.19529283356215393 0.49713162210939044 0.1954940255997607 0.5139423345849768 0.18825111224591765 0.533256770195225 0.1834225033433556 0.5568633026077504 0.18543442371942315 0.5690242435475362 0.20012144246471592 0.5965651980288159 0.1920737609604459 0.6087261389686018 0.19328091318608642 0.6208870799083877
1 0.2402626460650169 0.5403832890372847 0.2538632278072333 0.5910657987775099 0.26537141235833944 0.5845561186273892 0.2570018235938986 0.563632146716287 0.2491553341272353 0.5185293628190225 0.2559556249983435 0.5180643856654424 0.2494168837761241 0.47761137330397835 0.2517708306161231 0.4655219673108972 0.2556940753494547 0.4469228811676953 0.2488937844783465 0.4362284066353542 0.23973954676723935 0.44227310963189476 0.23921644746946177 0.4566874013928762 0.22953911046057704 0.473891556075338 0.2245696671316903 0.4952805051400201 0.22404656783391275 0.5134146141296421 0.22770826291835566 0.5236441115084031 0.23032375940724342 0.5306187688121038 0.22509276642946788 0.562702192409127 0.23660095098057404 0.5673519639449275 0.23660095098057404 0.5547975807982662
1 0.3922229920693961 0.6543026916643965 0.4073928717049452 0.6543026916643965 0.413408513629387 0.6245441538352733 0.42465514853160435 0.6329137425997141 0.4259628967760483 0.6673220519646376 0.4298861415093799 0.6835962523399393 0.44008657781604227 0.6831312751863592 0.4429636239538188 0.6687169834253779 0.43747108132715445 0.661277348968097 0.43564023378493305 0.6194294051458927 0.43564023378493305 0.5840911414738092 0.4311938897538238 0.5538676264911061 0.433286286944934 0.5371284489622244 0.4275321946693809 0.5222491800476629 0.4194241555538289 0.5301537916585237 0.40922371924716655 0.5454980377266653 0.3969308857493941 0.5566574894125864 0.3964077864516165 0.5980404560812106
1 0.280904322906546 0.571456921749878 0.2887508123732093 0.531933863695574 0.28639686553321037 0.49659560002349046 0.29424335499987364 0.472881765190908 0.30862858568875634 0.4612573363514068 0.3169981744531972 0.45335272474054605 0.3211829688354177 0.4552126333548663 0.31621352550653087 0.5045002116343512 0.3203983198887513 0.5137997547059523 0.3175212737509748 0.5268191150061935 0.3107209828798666 0.5230992977775532 0.3115056318265329 0.5370486123849545 0.31202873112431045 0.5477430869172956 0.3135980290176431 0.5528578356066761 0.2887508123732093 0.5761066932856784
1 0.2905816599154308 0.46683706219436744 0.3122902807731992 0.42963888990796373 0.3211829688354177 0.42266423260426295 0.32719861075985945 0.42173427829710286 0.3290294583020809 0.4310338213687038 0.3282448093554146 0.44963290751190566 0.32562931286652685 0.4645121764264672 0.3219676177820839 0.49241080564126993 0.32222916743097274 0.44916793035832553
1 0.3693081042309525 0.48078637680176883 0.3714005014220627 0.443123227361785 0.3700927531776188 0.42266423260426295 0.3745390972087281 0.38965085470007954 0.38369333491983526 0.37058679140329764 0.3894474271953883 0.38174624308921884 0.4001709627998281 0.3989503977716805 0.3962477180664965 0.423129209757843 0.39703236701316286 0.44126331874746477 0.40043251244871697 0.4700919022694277 0.39807856560871796 0.472881765190908 0.3868319307065006 0.43568359290450426 0.38212403702650266 0.4407983415938848 0.37584684545317193 0.4812513539553489
1 0.395724618768719 0.5556476985281564 0.38029318948428115 0.5175195719345925 0.38212403702650266 0.49752555433065054 0.3852626328131679 0.47799651388028846 0.39284757263094244 0.47892646818744866 0.3952015194709414 0.4868310797983094 0.40592505507538124 0.48497117118398925 0.4127253459464894 0.49194582848769 0.41560239208426597 0.5054301659415114 0.41560239208426597 0.5198444577024928 0.41664859067982113 0.5282140464669337
1 0.3975554663109404 0.47985642249460875 0.40200181034204957 0.4640471992728871 0.399124764204273 0.4487029532047455 0.4025249096398272 0.43754350151882443 0.40749435296871395 0.43847345582598457 0.40854055156426905 0.44730802174400547 0.4140330941909333 0.45288774758696604 0.4247566297953732 0.46172231350498694 0.4326031192620363 0.4989204857913907 0.4255412787420394 0.5133347775523722 0.42292578225315175 0.5235642749311332 0.4161254913820436 0.5170545947810126
1 0.7472473468752348 0.8825266374949295 0.756401584586342 0.8727621172697485 0.745678048981902 0.8220796075295235 0.748031995821901 0.8067353614613819 0.7467242475774573 0.7737219835571985 0.7435856517907918 0.7411735828065953 0.7451549496841245 0.7221095195098133 0.7409701553019041 0.6918860045271102 0.7472473468752348 0.6830514386090895 0.7558784852885644 0.6816565071483492 0.7582324321285633 0.7035104333666113 0.7663404712441154 0.7025804790594513 0.776279357901889 0.7067652734416717 0.7862182445596625 0.7834865037823796 0.7812488012307758 0.8127800644579224 0.7893568403463278 0.8420736251334655 0.7893568403463278 0.8588128026623473 0.7770640068485553 0.856022939740867 0.776279357901889 0.8416086479798853 0.7676482194885594 0.8141749959186625 0.7621556768618951 0.827194356218904 0.7652942726485602 0.8602077341230873 0.7679097691374481 0.8922911577201106 0.7501243930130113 0.8988008378702312
1 0.9693986910800129 0.5142647318595323 0.9837839217688957 0.46311724496572704 0.972798836515567 0.4742766966516481 0.9657369959955702 0.4673020393479475 0.9777682798444538 0.44823797605116555 0.9780298294933425 0.4245241412185832 0.9803837763333415 0.39755546631094035 0.9913688615866701 0.3989503977716805 0.9952921063200018 0.4124347352255019 0.9986922517555559 0.41661952960772225 0.9986922517555559 0.4705568794230078 0.9811684252800079 0.5105449146308919 0.9756758826533436 0.5244942292382933
0 0.2723505728914334 0.4374901384380165 0.28663639804694235 0.4478605892916452 0.32354144636534055 0.41950058083478303 0.30687465035058004 0.3934686327736333 0.3269938541112552 0.39685490244012434 0.31020800955353217 0.37039967067066326 0.29485074751136003 0.34394443890120224 0.28258874758621483 0.3577011594213219 0.2744934466647598 0.3763256425870225 0.2740172524929095 0.40489729289804044 0.278064902953637 0.4150561018975135
