2 0.5018133399142845 0.47798612865683365 0.4973252098445954 0.48018720394005276 0.498872840903109 0.4845893545064911 0.5025871554435413 0.4829385480440767
1 0.31244506360552754 0.49687448323961936 0.3235556885894845 0.5055160804493637 0.34421450691902955 0.503047052675151 0.34386729988828096 0.48267757353789664 0.34352009285753227 0.45582689649333374 0.3610540479103394 0.45551826802155715 0.3499434229263824 0.42959347639232415 0.3482073877726391 0.4110757680857291 0.3478601807418905 0.39286668825091065 0.3372703663040565 0.3937925736662404 0.33536072763493885 0.40459457017842093 0.3206044288281209 0.4305193618076539 0.32164604992036694 0.473418719384599
1 0.509099303566519 0.5995410303512442 0.5281924279353997 0.597216144583344 0.5509472473887232 0.5916364187403834 0.5391775131887283 0.5590880179897801 0.5404852614331721 0.5265396172391769 0.5342080698598415 0.4851566505705527 0.5255769314465119 0.4637677015058705 0.5156380447887383 0.45400318128068945 0.5077915553220752 0.4674875187345108 0.5109301511087404 0.4888764677991929 0.509099303566519 0.5060806224816548 0.502037463046522 0.5325843202357174 0.5109301511087404 0.537699068925098 0.5143302965442945 0.5623428580648404 0.513807197246517 0.586521670051003
1 0.6056111240064777 0.6023308932727245 0.6173808582064725 0.5614129037576804 0.6043033757620336 0.5549032236075597 0.6071804218998101 0.5265396172391769 0.5922720919131499 0.49771103371721387 0.5765791129798233 0.49213130787425335 0.5669017759709386 0.4907363764135132 0.5661171270242723 0.5139852340925155 0.5692557228109376 0.5260746400855968 0.5642862794820508 0.5423488404608985 0.5700403717576039 0.5553682007611397 0.5812870066598214 0.55815806368262 0.5846871520953755 0.5860566928974229 0.5925336415620387 0.597216144583344 0.5912258933175948 0.6079106191156851
1 0.5382691774131022 0.4626522678121469 0.5673011884397564 0.46637208504078737 0.5639010430042023 0.44265825020820493 0.5537006066975401 0.4384734558259844 0.5531775073997625 0.42080432398994266 0.5542237059953176 0.39848542061810044 0.5432386207419889 0.3826761973963788 0.5293764893508838 0.37058679140329764 0.5238839467242195 0.3650070655603371 0.5191760530442215 0.374306608631938 0.5228377481286643 0.3956955576966201 0.5262378935642185 0.41103980376476174 0.5183914040975551 0.4259190726793232 0.5194376026931102 0.44079834159388476 0.5309457872442164 0.42917391275438355 0.5338228333819931 0.44823797605116555
1 0.7218770309330234 0.48404121687682916 0.7064456016485855 0.4561425876620263 0.7182153358485805 0.4338236842901841 0.7030454562130315 0.4198743696827826 0.7053994030530304 0.39755546631094035 0.7056609527019192 0.3798863344748986 0.7161229386574702 0.3766314943998383 0.717430686901914 0.3877909460857593 0.7352160630263509 0.41661952960772225 0.738616208461905 0.43521861575092413 0.7365238112707949 0.4514928161262259 0.7454164993330132 0.4793914453410287 0.7482935454707897 0.49194582848769 0.7203077330396908 0.5045002116343512
1 0.8055729185774319 0.5435582925350751 0.8207427982129808 0.5407684296135948 0.8176042024263155 0.5151946861666923 0.8210043478618697 0.5147297090131122 0.8322509827640872 0.5375135895385346 0.8434976176663044 0.5356536809242144 0.8531749546751891 0.5505329498387759 0.8591905965996312 0.5500679726851958 0.8586674973018534 0.5254241835454534 0.851082557484079 0.5240292520847132 0.8327740820618647 0.5161246404738523 0.8335587310085308 0.46869697080868755 0.8204812485640922 0.4570725419691864 0.8050498192796544 0.4403333644403047 0.7977264291107686 0.4314987985222838 0.7904030389418828 0.44405318166894503 0.7948493829729919 0.46079235919782674 0.8003419255996563 0.4580024962763464 0.7940647340263257 0.4775315367267085 0.8058344682263207 0.482181308262509 0.8076653157685421 0.4910158741805299 0.8045267199818766 0.5142647318595323 0.8050486378759697 0.528878432894157
1 0.7788948543907765 0.5942408022753003 0.7940647340263257 0.5937758251217203 0.8040036206840991 0.5788965562071587 0.798249528408546 0.5454182011493953 0.8045267199818766 0.5296089779276737 0.7972033298129911 0.502640303020031 0.7877875424529951 0.49148085133410985 0.7796795033374428 0.4854361483375693 0.7804641522841093 0.46823199365510754 0.7642480740530053 0.4696269251158477 0.7707868152752245 0.5086850060165716 0.7605863789685623 0.542163361074335 0.7668635705418929 0.5523928584530962 0.7762793579018888 0.5658771959069174
1 0.7846489466663297 0.7202496108954932 0.8186504010218707 0.7290841768135141 0.8199581492663145 0.7011855475987112 0.7985110780574352 0.6932809359878506 0.8068806668218759 0.6653823067730475 0.7979879787596573 0.6221394314901032 0.7804641522841093 0.6030753681933213 0.7720945635196685 0.5826163734357992 0.7608479286174511 0.59098596220024 0.76320187545745 0.6184196142614629 0.7660789215952267 0.6374836775582448 0.7543091873952317 0.6551528093942864 0.7548322866930092 0.6732869183839084 0.7720945635196685 0.669102124001688 0.777325556497444 0.6923509816806904
1 0.9396423887179745 0.5737061271209123 0.9547317915384808 0.5672679819174963 0.9503055667111323 0.5307851590981387 0.9645902013812118 0.5354349306339392 0.9666021217572791 0.5586837883129415 0.9784724519760775 0.5357926053674623 0.9573472880273686 0.5193395676253991 0.9637854332307847 0.4932293120782118 0.9561401358017281 0.465330682863409 0.9462817259589974 0.4567464892588543 0.9384352364923338 0.44100880098383727 0.9293815948000302 0.44243949991792975 0.9259613301607155 0.45388509139066935 0.9283756346119965 0.4731995270009175 0.9287780186872099 0.4993097825481047 0.9251565620102883 0.5111130487543675 0.9227422575590074 0.5204125918259684 0.9334054355521652 0.5257777128288151 0.9408495409436152 0.537938653768601 0.9446721896581433 0.5558223904447567 0.9404471568684015 0.569414030318635
